Ply,Move,White,Black,Score,Eval,Comment
0,[1],d4,,-0.01,-0.01,
1,[1],,d5,0.56,-0.57,
2,[2],Nf3,,0.39,-0.17,
3,[2],,c6,0.55,-0.16,
4,[3],Bf4,,0.41,-0.14,
5,[3],,Bf5,1.16,-0.75,
6,[4],e3,,0.37,-0.79,
7,[4],,Qb6,0.63,-0.26,
8,[5],Bd3,,0.43,-0.2,
9,[5],,Bxd3,0.79,-0.36,
10,[6],Qxd3,,-4.11,-4.9,Gaffe
11,[6],,Qxb2,-3.99,-0.12,
12,[7],O-O,,-3.87,0.12,
13,[7],,e6,1.31,-5.18,Gaffe
14,[8],c4,,-3.85,-5.16,Gaffe
15,[8],,Nf6,0.59,-4.44,Gaffe
16,[9],Nbd2,,0.22,-0.37,
17,[9],,Qb6,2.64,-2.42,Erreur
18,[10],Rfb1,,1.26,-1.38,Erreur
19,[10],,Qa6,0.99,0.27,
20,[11],Qb3,,1.44,0.45,
21,[11],,b6,0.82,0.62,
22,[12],a4,,0.46,-0.36,
23,[12],,Qa5,0.8,-0.34,
24,[13],Qc2,,1.54,0.74,
25,[13],,dxc4,9.67,-8.13,Gaffe
26,[14],e4,,0.33,-9.34,Gaffe
27,[14],,c3,8.28,-7.95,Gaffe
28,[15],Nc4,,0.44,-7.84,Gaffe
29,[15],,Qa6,0.32,0.12,
30,[16],Qxc3,,-5.42,-5.74,Gaffe
31,[16],,Be7,2.34,-7.76,Gaffe
32,[17],Ncd2,,1.09,-1.25,Erreur
33,[17],,O-O,0.79,0.3,
34,[18],Bxb8,,2.46,1.67,Erreur
35,[18],,Raxb8,0.39,2.07,Erreur
36,[19],Qxc6,,-4.18,-4.57,Gaffe
37,[19],,Rfc8,1.17,-5.35,Gaffe
38,[20],Qb5,,0.47,-0.7,
39,[20],,Qb7,0.42,0.05,
40,[21],Qd3,,0.84,0.42,
41,[21],,Rc7,2.73,-1.89,Erreur
42,[22],Rc1,,0.4,-2.33,Erreur
43,[22],,Rbc8,2.03,-1.63,Erreur
44,[23],Rxc7,,-0.18,-2.21,Erreur
45,[23],,Rxc7,0.55,-0.73,
46,[24],h3,,0.05,-0.5,
47,[24],,Qc8,-0.48,0.53,
48,[25],Qb5,,-2.27,-1.79,Erreur
49,[25],,h6,-0.15,-2.12,Erreur
50,[26],g3,,-0.39,-0.24,
51,[26],,Rc2,-0.54,0.15,
52,[27],Kg2,,-1.87,-1.33,Erreur
53,[27],,Qc3,0.16,-2.03,Erreur
54,[28],Rd1,,-0.38,-0.54,
55,[28],,Qb4,-0.13,-0.25,
56,[29],Rb1,,0.08,0.21,
57,[29],,Qc3,1.48,-1.4,Erreur
58,[30],Rd1,,-0.38,-1.86,Erreur
59,[30],,Rb2,1.37,-1.75,Erreur
60,[31],Qe5,,-5.24,-6.61,Gaffe
61,[31],,Nd7,-3.57,-1.67,Erreur
62,[32],Qf4,,-6.41,-2.84,Erreur
63,[32],,g5,-0.68,-5.73,Gaffe
64,[33],Qe3,,-5.41,-4.73,Gaffe
65,[33],,Qxe3,-0.76,-4.65,Gaffe
66,[34],fxe3,,-0.44,0.32,
67,[34],,Bb4,-0.53,0.09,
68,[35],Kf1,,-1.46,-0.93,
69,[35],,Ra2,-1.12,-0.34,
70,[36],e5,,-1.7,-0.58,
71,[36],,f5,-0.92,-0.78,
72,[37],g4,,-1.48,-0.56,
73,[37],,Kf8,0.7,-2.18,Erreur
74,[38],Ke2,,-1.15,-1.85,Erreur
75,[38],,Rxa4,0.81,-1.96,Erreur
76,[39],Rc1,,-0.76,-1.57,Erreur
77,[39],,Ra2,-0.61,-0.15,
78,[40],Rc8+,,-1.05,-0.44,
79,[40],,Ke7,-0.68,-0.37,
80,[41],Rh8,,-0.21,0.47,
81,[41],,a5,0.25,-0.46,
82,[42],Rh7+,,0.25,0.0,
83,[42],,Kd8,0.25,0.0,
84,[43],Rxh6,,-0.17,-0.42,
85,[43],,Nf8,0.69,-0.86,
86,[44],Kd3,,-0.2,-0.89,
87,[44],,b5,-0.08,-0.12,
88,[45],Rh8,,-0.5,-0.42,
89,[45],,a4,0.1,-0.6,
90,[46],Rg8,,-0.65,-0.75,
91,[46],,a3,-0.19,-0.46,
92,[47],gxf5,,-0.55,-0.36,
93,[47],,exf5,1.93,-2.48,Erreur
94,[48],Rxg5,,0.97,-0.96,
95,[48],,Ra1,5.06,-4.09,Gaffe
96,[49],Rg7,,0.96,-4.1,Gaffe
97,[49],,Rc1,0.26,0.7,
98,[50],Ra7,,-0.37,-0.63,
99,[50],,Ne6,1.14,-1.51,Erreur
100,[51],h4,,0.84,-0.3,
101,[51],,Rc3+,0.84,0.0,
102,[52],Ke2,,0.44,-0.4,
103,[52],,f4,0.12,0.32,
104,[53],exf4,,0.88,0.76,
105,[53],,Nxf4+,0.68,0.2,
106,[54],Kd1,,-2.01,-2.69,Erreur
107,[54],,Kc8,1.11,-3.12,Gaffe
108,[55],e6,,-0.44,-1.55,Erreur
109,[55],,Kb8,0.56,-1.0,
110,[56],Ne4,,-4.12,-4.68,Gaffe
111,[56],,Rd3+,-4.12,0.0,
112,[57],Kc2,,-4.12,0.0,
113,[57],,Kxa7,-4.21,0.09,
114,[58],Ne5,,-6.31,-2.1,Erreur
115,[58],,Re3,-6.31,0.0,
116,[59],Nc6+,,-6.31,0.0,
117,[59],,Kb6,-6.41,0.1,
118,[60],Nxb4,,-6.43,-0.02,
119,[60],,Rxe4,-6.04,-0.39,
120,[61],d5,,-9.05,-3.01,Gaffe
121,[61],,Nxe6,-5.1,-3.95,Gaffe
122,[62],dxe6,,-6.15,-1.05,Erreur
123,[62],,Rxb4,-6.22,0.07,
