Ply,Move,White,Black,Score,Eval,Comment
0,[1],d4,,0.04,0.04,
1,[1],,d5,0.49,-0.45,
2,[2],Nf3,,0.17,-0.32,
3,[2],,c6,1.22,-1.05,Erreur
4,[3],Bf4,,0.66,-0.56,
5,[3],,Bf5,1.06,-0.4,
6,[4],e3,,0.7,-0.36,
7,[4],,Qb6,0.95,-0.25,
8,[5],Bd3,,-1.54,-2.49,Erreur
9,[5],,Bxd3,0.56,-2.1,Erreur
10,[6],Qxd3,,-3.7,-4.26,Gaffe
11,[6],,Qxb2,-4.11,0.41,
12,[7],O-O,,-4.25,-0.14,
13,[7],,e6,1.27,-5.52,Gaffe
14,[8],c4,,-3.91,-5.18,Gaffe
15,[8],,Nf6,0.94,-4.85,Gaffe
16,[9],Nbd2,,0.22,-0.72,
17,[9],,Qb6,2.6,-2.38,Erreur
18,[10],Rfb1,,1.31,-1.29,Erreur
19,[10],,Qa6,1.34,-0.03,
20,[11],Qb3,,1.2,-0.14,
21,[11],,b6,1.78,-0.58,
22,[12],a4,,0.35,-1.43,Erreur
23,[12],,Qa5,2.18,-1.83,Erreur
24,[13],Qc2,,0.73,-1.45,Erreur
25,[13],,dxc4,10.11,-9.38,Gaffe
26,[14],e4,,-0.29,-10.4,Gaffe
27,[14],,c3,8.85,-9.14,Gaffe
28,[15],Nc4,,0.29,-8.56,Gaffe
29,[15],,Qa6,0.43,-0.14,
30,[16],Qxc3,,-6.68,-7.11,Gaffe
31,[16],,Be7,3.35,-10.03,Gaffe
32,[17],Ncd2,,1.38,-1.97,Erreur
33,[17],,O-O,2.79,-1.41,Erreur
34,[18],Bxb8,,1.93,-0.86,
35,[18],,Raxb8,2.65,-0.72,
36,[19],Qxc6,,-4.17,-6.82,Gaffe
37,[19],,Rfc8,1.17,-5.34,Gaffe
38,[20],Qb5,,-0.96,-2.13,Erreur
39,[20],,Qb7,0.22,-1.18,Erreur
40,[21],Qd3,,0.13,-0.09,
41,[21],,Rc7,2.32,-2.19,Erreur
42,[22],Rc1,,0.17,-2.15,Erreur
43,[22],,Rbc8,-0.12,0.29,
44,[23],Rxc7,,2.03,2.15,Erreur
45,[23],,Rxc7,2.13,-0.1,
46,[24],h3,,-0.01,-2.14,Erreur
47,[24],,Qc8,2.01,-2.02,Erreur
48,[25],Qb5,,0.01,-2.0,Erreur
49,[25],,h6,1.98,-1.97,Erreur
50,[26],g3,,-0.49,-2.47,Erreur
51,[26],,Rc2,-0.08,-0.41,
52,[27],Kg2,,-3.13,-3.05,Gaffe
53,[27],,Qc3,0.16,-3.29,Gaffe
54,[28],Rd1,,-4.8,-4.96,Gaffe
55,[28],,Qb4,0.4,-5.2,Gaffe
56,[29],Rb1,,0.29,-0.11,
57,[29],,Qc3,2.56,-2.27,Erreur
58,[30],Rd1,,-4.8,-7.36,Gaffe
59,[30],,Rb2,0.89,-5.69,Gaffe
60,[31],Qe5,,-5.24,-6.13,Gaffe
61,[31],,Nd7,-3.22,-2.02,Erreur
62,[32],Qf4,,-9.53,-6.31,Gaffe
63,[32],,g5,-0.28,-9.25,Gaffe
64,[33],Qe3,,-5.38,-5.1,Gaffe
65,[33],,Qxe3,-0.27,-5.11,Gaffe
66,[34],fxe3,,-0.76,-0.49,
67,[34],,Bb4,-0.44,-0.32,
68,[35],Kf1,,-1.39,-0.95,
69,[35],,Ra2,-0.92,-0.47,
70,[36],e5,,-1.68,-0.76,
71,[36],,f5,-0.97,-0.71,
72,[37],g4,,-1.39,-0.42,
73,[37],,Kf8,0.24,-1.63,Erreur
74,[38],Ke2,,-0.92,-1.16,Erreur
75,[38],,Rxa4,0.06,-0.98,
76,[39],Rc1,,-0.93,-0.99,
77,[39],,Ra2,-0.61,-0.32,
78,[40],Rc8+,,-1.15,-0.54,
79,[40],,Ke7,-0.85,-0.3,
80,[41],Rh8,,-0.68,0.17,
81,[41],,a5,0.16,-0.84,
82,[42],Rh7+,,0.13,-0.03,
83,[42],,Kd8,0.25,-0.12,
84,[43],Rxh6,,0.11,-0.14,
85,[43],,Nf8,0.8,-0.69,
86,[44],Kd3,,-0.1,-0.9,
87,[44],,b5,0.04,-0.14,
88,[45],Rh8,,-0.26,-0.3,
89,[45],,a4,0.1,-0.36,
90,[46],Rg8,,-0.49,-0.59,
91,[46],,a3,1.73,-2.22,Erreur
92,[47],gxf5,,-0.55,-2.28,Erreur
93,[47],,exf5,1.81,-2.36,Erreur
94,[48],Rxg5,,-1.67,-3.48,Gaffe
95,[48],,Ra1,5.06,-6.73,Gaffe
96,[49],Rg7,,-2.08,-7.14,Gaffe
97,[49],,Rc1,1.27,-3.35,Gaffe
98,[50],Ra7,,0.93,-0.34,
99,[50],,Ne6,1.17,-0.24,
100,[51],h4,,0.8,-0.37,
101,[51],,Rc3+,0.8,0.0,
102,[52],Ke2,,0.63,-0.17,
103,[52],,f4,0.78,-0.15,
104,[53],exf4,,0.6,-0.18,
105,[53],,Nxf4+,0.6,0.0,
106,[54],Kd1,,-1.06,-1.66,Erreur
107,[54],,Kc8,1.07,-2.13,Erreur
108,[55],e6,,-1.46,-2.53,Erreur
109,[55],,Kb8,1.05,-2.51,Erreur
110,[56],Ne4,,-6.76,-7.81,Gaffe
111,[56],,Rd3+,-6.76,0.0,
112,[57],Kc2,,-8.08,-1.32,Erreur
113,[57],,Kxa7,-3.83,-4.25,Gaffe
114,[58],Ne5,,-5.39,-1.56,Erreur
115,[58],,Re3,-6.31,0.92,
116,[59],Nc6+,,-6.31,0.0,
117,[59],,Kb6,-6.31,0.0,
118,[60],Nxb4,,-6.41,-0.1,
119,[60],,Rxe4,-6.04,-0.37,
120,[61],d5,,-8.13,-2.09,Erreur
121,[61],,Nxe6,-5.44,-2.69,Erreur
122,[62],dxe6,,-5.1,0.34,
123,[62],,Rxb4,-6.16,1.06,Erreur
