Ply,Move,White,Black,Score,Eval,Comment
0,[1],d4,,0.14,0.14,
1,[1],,d5,0.36,-0.22,
2,[2],Nf3,,0.16,-0.2,
3,[2],,c6,0.27,-0.11,
4,[3],Bf4,,0.33,0.06,
5,[3],,Bf5,0.35,-0.02,
6,[4],e3,,0.27,-0.08,
7,[4],,Qb6,0.44,-0.17,
8,[5],Bd3,,0.27,-0.17,
9,[5],,Bxd3,0.3,-0.03,
10,[6],Qxd3,,-0.24,-0.54,
11,[6],,Qxb2,-0.36,0.12,
12,[7],O-O,,0.32,0.68,
13,[7],,e6,0.43,-0.11,
14,[8],c4,,0.24,-0.19,
15,[8],,Nf6,0.86,-0.62,
16,[9],Nbd2,,1.01,0.15,
17,[9],,Qb6,0.53,0.48,
18,[10],Rfb1,,0.67,0.14,
19,[10],,Qa6,0.55,0.12,
20,[11],Qb3,,0.6,0.05,
21,[11],,b6,0.32,0.28,
22,[12],a4,,0.44,0.12,
23,[12],,Qa5,1.24,-0.8,
24,[13],Qc2,,0.9,-0.34,
25,[13],,dxc4,0.69,0.21,
26,[14],e4,,0.52,-0.17,
27,[14],,c3,0.76,-0.24,
28,[15],Nc4,,0.87,0.11,
29,[15],,Qa6,0.96,-0.09,
30,[16],Qxc3,,0.6,-0.36,
31,[16],,Be7,0.46,0.14,
32,[17],Ncd2,,-0.02,-0.48,
33,[17],,O-O,-0.03,0.01,
34,[18],Bxb8,,-0.44,-0.41,
35,[18],,Raxb8,-0.36,-0.08,
36,[19],Qxc6,,-0.29,0.07,
37,[19],,Rfc8,-0.36,0.07,
38,[20],Qb5,,-0.25,0.11,
39,[20],,Qb7,-0.34,0.09,
40,[21],Qd3,,-0.41,-0.07,
41,[21],,Rc7,-0.12,-0.29,
42,[22],Rc1,,-0.71,-0.59,
43,[22],,Rbc8,-0.54,-0.17,
44,[23],Rxc7,,-0.64,-0.1,
45,[23],,Rxc7,-0.37,-0.27,
46,[24],h3,,-0.62,-0.25,
47,[24],,Qc8,-0.34,-0.28,
48,[25],Qb5,,-0.53,-0.19,
49,[25],,h6,-0.38,-0.15,
50,[26],g3,,-0.73,-0.35,
51,[26],,Rc2,-0.83,0.1,
52,[27],Kg2,,-0.84,-0.01,
53,[27],,Qc3,-0.82,-0.02,
54,[28],Rd1,,-0.87,-0.05,
55,[28],,Qb4,-0.22,-0.65,
56,[29],Rb1,,-0.2,0.02,
57,[29],,Qc3,-0.26,0.06,
58,[30],Rd1,,-0.82,-0.56,
59,[30],,Rb2,-0.86,0.04,
60,[31],Qe5,,-2.4,-1.54,Erreur
61,[31],,Nd7,-2.07,-0.33,
62,[32],Qf4,,-3.36,-1.29,Erreur
63,[32],,g5,-1.13,-2.23,Erreur
64,[33],Qe3,,-1.24,-0.11,
65,[33],,Qxe3,-1.15,-0.09,
66,[34],fxe3,,-1.12,0.03,
67,[34],,Bb4,-0.4,-0.72,
68,[35],Kf1,,-1.14,-0.74,
69,[35],,Ra2,-1.03,-0.11,
70,[36],e5,,-1.08,-0.05,
71,[36],,f5,-0.89,-0.19,
72,[37],g4,,-0.91,-0.02,
73,[37],,Kf8,-0.61,-0.3,
74,[38],Ke2,,-0.7,-0.09,
75,[38],,Rxa4,-0.68,-0.02,
76,[39],Rc1,,-0.88,-0.2,
77,[39],,Ra2,-0.85,-0.03,
78,[40],Rc8+,,-0.6,0.25,
79,[40],,Ke7,-0.34,-0.26,
80,[41],Rh8,,-0.46,-0.12,
81,[41],,a5,0.0,-0.46,
82,[42],Rh7+,,-0.25,-0.25,
83,[42],,Kd8,0.0,-0.25,
84,[43],Rxh6,,0.0,0.0,
85,[43],,Nf8,0.0,0.0,
86,[44],Kd3,,-0.32,-0.32,
87,[44],,b5,-0.2,-0.12,
88,[45],Rh8,,-0.88,-0.68,
89,[45],,a4,-0.68,-0.2,
90,[46],Rg8,,-0.84,-0.16,
91,[46],,a3,-1.27,0.43,
92,[47],gxf5,,-1.42,-0.15,
93,[47],,exf5,0.0,-1.42,Erreur
94,[48],Rxg5,,-0.42,-0.42,
95,[48],,Ra1,-0.43,0.01,
96,[49],Rg7,,-0.15,0.28,
97,[49],,Rc1,-2.41,2.26,Erreur
98,[50],Ra7,,-2.24,0.17,
99,[50],,Ne6,-0.36,-1.88,Erreur
100,[51],h4,,-1.22,-0.86,
101,[51],,Rc3+,-0.97,-0.25,
102,[52],Ke2,,-0.94,0.03,
103,[52],,f4,-0.98,0.04,
104,[53],exf4,,-2.78,-1.8,Erreur
105,[53],,Nxf4+,-2.51,-0.27,
106,[54],Kd1,,-2.99,-0.48,
107,[54],,Kc8,-2.99,0.0,
108,[55],e6,,-3.7,-0.71,
109,[55],,Kb8,-3.59,-0.11,
110,[56],Ne4,,-12.13,-8.54,Gaffe
111,[56],,Rd3+,-7.87,-4.26,Gaffe
112,[57],Kc2,,-7.85,0.02,
113,[57],,Kxa7,-7.89,0.04,
114,[58],Ne5,,-8.05,-0.16,
115,[58],,Re3,-7.8,-0.25,
116,[59],Nc6+,,-7.81,-0.01,
117,[59],,Kb6,-8.17,0.36,
118,[60],Nxb4,,-8.18,-0.01,
119,[60],,Rxe4,-8.07,-0.11,
120,[61],d5,,,,#6#
121,[61],,Nxe6,-22.37,22.37,Gaffe
122,[62],dxe6,,-45.34,-22.97,Gaffe
123,[62],,Rxb4,-45.34,0.0,
