Ply,Move,White,Black,Score,Eval,Comment
0,[1],d4,,0.15,0.15,
1,[1],,d5,0.2,-0.05,
2,[2],Nf3,,0.11,-0.09,
5,[3],,e6,0.35,-0.24,
6,[4],Nc3,,0.36,0.01,
7,[4],,Bb4,0.5,-0.14,
8,[5],e3,,0.42,-0.08,
9,[5],,Nf6,0.35,0.07,
10,[6],Bd2,,0.37,0.02,
11,[6],,O-O,0.31,0.06,
12,[7],a3,,0.34,0.03,
13,[7],,Be7,0.53,-0.19,
14,[8],Bd3,,0.48,-0.05,
15,[8],,dxc4,0.41,0.07,
16,[9],Bxc4,,0.43,0.02,
17,[9],,a6,0.63,-0.2,
18,[10],Qc2,,0.5,-0.13,
19,[10],,Bd6,0.44,0.06,
20,[11],Ne2,,0.27,-0.17,
21,[11],,e5,0.34,-0.07,
22,[12],dxe5,,0.25,-0.09,
23,[12],,Bxe5,0.48,-0.23,
24,[13],O-O-O,,0.18,-0.3,
25,[13],,Bd7,0.26,-0.08,
26,[14],Ba2,,0.15,-0.11,
27,[14],,Qc8,0.45,-0.3,
28,[15],Nxe5,,0.61,0.16,
29,[15],,Nxe5,0.44,0.17,
30,[16],e4,,0.27,-0.17,
31,[16],,Re8,0.32,-0.05,
32,[17],Bc3,,0.06,-0.26,
33,[17],,c5,0.1,-0.04,
34,[18],Ng3,,0.52,0.42,
35,[18],,Qc7,0.63,-0.11,
36,[19],h3,,0.2,-0.43,
37,[19],,c4,0.51,-0.31,
38,[20],Kb1,,0.34,-0.17,
39,[20],,Bc6,0.65,-0.31,
40,[21],f4,,0.6,-0.05,
41,[21],,Ned7,0.39,0.21,
42,[22],e5,,0.57,0.18,
43,[22],,Nd5,0.5,0.07,
44,[23],Bxc4,,0.48,-0.02,
45,[23],,Ba4,2.14,-1.66,
46,[24],Qxa4,,2.1,-0.04,
47,[24],,b5,2.34,-0.24,
48,[25],Ba5,,2.3,-0.04,
49,[25],,Qa7,5.48,-3.18,
50,[26],Qc2,,4.68,-0.8,
51,[26],,Ne3,4.67,0.01,
52,[27],Bxf7+,,6.25,1.58,
53,[27],,Kxf7,4.85,1.4,Erreur
54,[28],Qb3+,,3.14,-1.71,Erreur
55,[28],,Nc4,3.46,-0.32,
56,[29],Ne4,,3.1,-0.36,
57,[29],,Kg8,3.24,-0.14,
58,[30],Nd6,,3.37,0.13,
59,[30],,Nc5,3.52,-0.15,
60,[31],Qa2,,2.93,-0.59,
61,[31],,Kh8,3.44,-0.51,
62,[32],Nxc4,,3.28,-0.16,
63,[32],,bxc4,3.47,-0.19,
64,[33],Qxc4,,3.52,0.05,
65,[33],,Rab8,3.76,-0.24,
66,[34],Rd5,,2.7,-1.06,Erreur
67,[34],,Rec8,2.96,-0.26,
68,[35],Rc1,,3.79,0.83,
69,[35],,Qb7,3.6,0.19,
70,[36],b4,,2.01,-1.59,Erreur
71,[36],,Ne6,2.01,0.0,
72,[37],Qd3,,2.32,0.31,
73,[37],,Rxc1+,2.72,-0.4,
74,[38],Kxc1,,2.86,0.14,
75,[38],,g6,3.32,-0.46,
76,[39],Kb1,,3.18,-0.14,
77,[39],,Rc8,3.0,0.18,
78,[40],g3,,3.05,0.05,
79,[40],,Qa7,4.34,-1.29,
80,[41],Rd6,,4.39,0.05,
81,[41],,Qg1+,4.77,-0.38,
82,[42],Kb2,,5.11,0.34,
83,[42],,Qg2+,5.48,-0.37,
84,[43],Kb3,,5.69,0.21,
85,[43],,Qxh3,5.86,-0.17,
86,[44],f5,,6.21,0.35,
