Ply,Move,White,Black,Score,Eval,Comment
0,[1],e4,,0.23,0.23,
1,[1],,e5,0.27,-0.04,
2,[2],Nf3,,0.27,0.0,
5,[3],,Nf6,0.16,0.11,
6,[4],d3,,0.04,-0.12,
7,[4],,d6,0.1,-0.06,
8,[5],O-O,,0.1,0.0,
9,[5],,Be7,0.06,0.04,
10,[6],Re1,,0.03,-0.03,
11,[6],,O-O,0.08,-0.05,
12,[7],c3,,-0.08,-0.16,
13,[7],,a6,0.02,-0.1,
14,[8],Ba4,,0.05,0.03,
15,[8],,b5,0.1,-0.05,
16,[9],Bb3,,-0.05,-0.15,
17,[9],,Na5,-0.12,0.07,
18,[10],Bc2,,-0.06,0.06,
19,[10],,c5,-0.1,0.04,
20,[11],Nbd2,,0.0,0.1,
21,[11],,Nc6,0.01,-0.01,
22,[12],Nf1,,-0.01,-0.02,
23,[12],,Re8,0.04,-0.05,
24,[13],Bg5,,0.0,-0.04,
25,[13],,Be6,0.12,-0.12,
26,[14],Ne3,,0.03,-0.09,
27,[14],,Nd7,0.17,-0.14,
28,[15],Bxe7,,0.36,0.19,
29,[15],,Qxe7,0.19,0.17,
30,[16],d4,,0.18,-0.01,
31,[16],,cxd4,0.37,-0.19,
32,[17],cxd4,,0.34,-0.03,
33,[17],,Nxd4,0.35,-0.01,
34,[18],Nxd4,,0.27,-0.08,
35,[18],,exd4,0.26,0.01,
36,[19],Qxd4,,0.23,-0.03,
37,[19],,Rac8,0.49,-0.26,
38,[20],Rad1,,0.1,-0.39,
39,[20],,Rc6,0.62,-0.52,
40,[21],Bb1,,0.03,-0.59,
41,[21],,Qf6,0.36,-0.33,
42,[22],f3,,0.06,-0.3,
43,[22],,Rec8,0.34,-0.28,
44,[23],Qxf6,,0.44,0.1,
45,[23],,Nxf6,0.41,0.03,
46,[24],Kf2,,0.34,-0.07,
47,[24],,h5,0.43,-0.09,
48,[25],Rd2,,0.39,-0.04,
49,[25],,Kf8,0.36,0.03,
50,[26],h4,,0.37,0.01,
51,[26],,b4,0.55,-0.18,
52,[27],Nc2,,0.51,-0.04,
53,[27],,Rb6,0.57,-0.06,
54,[28],Nd4,,0.4,-0.17,
55,[28],,Rc5,0.45,-0.05,
56,[29],b3,,0.43,-0.02,
57,[29],,Ke7,0.39,0.04,
58,[30],Rc2,,0.43,0.04,
59,[30],,Nd7,0.46,-0.03,
60,[31],Rxc5,,0.33,-0.13,
61,[31],,dxc5,0.37,-0.04,
62,[32],Nxe6,,0.44,0.07,
63,[32],,fxe6,0.82,-0.38,
64,[33],e5,,0.1,-0.72,
65,[33],,c4,0.67,-0.57,
66,[34],bxc4,,0.72,0.05,
67,[34],,a5,0.74,-0.02,
68,[35],f4,,0.77,0.03,
69,[35],,a4,1.2,-0.43,
70,[36],Ke3,,1.1,-0.1,
71,[36],,b3,0.96,0.14,
72,[37],axb3,,1.24,0.28,
73,[37],,Rxb3+,1.17,0.07,
74,[38],Kd4,,0.86,-0.31,
75,[38],,a3,1.09,-0.23,
76,[39],Bc2,,0.99,-0.1,
77,[39],,Rg3,0.91,0.08,
78,[40],Be4,,1.15,0.24,
79,[40],,Rg4,1.17,-0.02,
80,[41],Ra1,,0.89,-0.28,
81,[41],,Rxf4,0.67,0.22,
82,[42],g3,,0.48,-0.19,
83,[42],,Rg4,0.49,-0.01,
84,[43],Rxa3,,0.45,-0.04,
85,[43],,g5,0.67,-0.22,
86,[44],hxg5,,0.62,-0.05,
87,[44],,Rxg5,0.69,-0.07,
88,[45],Ra7,,0.66,-0.03,
89,[45],,Kd8,0.67,-0.01,
90,[46],c5,,0.67,0.0,
91,[46],,Nxe5,0.65,0.02,
92,[47],c6,,0.66,0.01,
93,[47],,Nxc6+,0.69,-0.03,
94,[48],Bxc6,,0.7,0.01,
95,[48],,Rxg3,0.72,-0.02,
96,[49],Ke5,,0.73,0.01,
97,[49],,Kc8,0.75,-0.02,
98,[50],Kd6,,0.72,-0.03,
99,[50],,Rd3+,0.72,0.0,
100,[51],Kxe6,,0.72,0.0,
101,[51],,Kb8,0.74,-0.02,
102,[52],Rb7+,,0.74,0.0,
103,[52],,Kc8,0.74,0.0,
104,[53],Rh7,,0.74,0.0,
105,[53],,h4,0.74,0.0,
106,[54],Bd5,,0.75,0.01,
107,[54],,Rg3,0.74,0.01,
108,[55],Kd6,,0.74,0.0,
109,[55],,Rg6+,0.75,-0.01,
110,[56],Kc5,,0.74,-0.01,
111,[56],,Kd8,0.72,0.02,
112,[57],Bc6,,0.72,0.0,
113,[57],,h3,0.72,0.0,
114,[58],Be4,,0.71,-0.01,
115,[58],,Rf6,0.74,-0.03,
116,[59],Kd5,,0.73,-0.01,
117,[59],,h2,0.71,0.02,
118,[60],Ke5,,0.67,-0.04,
119,[60],,Ra6,0.74,-0.07,
120,[61],Bd5,,0.72,-0.02,
121,[61],,Rg6,0.72,0.0,
122,[62],Be4,,0.73,0.01,
123,[62],,Rg1,0.73,0.0,
124,[63],Rxh2,,0.74,0.01,
125,[63],,Re1,0.75,-0.01,
126,[64],Rh7,,0.74,-0.01,
127,[64],,Ke8,0.73,0.01,
128,[65],Kf5,,0.74,0.01,
129,[65],,Kd8,0.74,0.0,
130,[66],Ra7,,0.74,0.0,
131,[66],,Re2,0.73,0.01,
132,[67],Rb7,,0.73,0.0,
133,[67],,Re1,0.73,0.0,
134,[68],Rb4,,0.73,0.0,
135,[68],,Ke7,0.75,-0.02,
136,[69],Ke5,,0.74,-0.01,
137,[69],,Re2,0.73,0.01,
138,[70],Rb7+,,0.73,0.0,
139,[70],,Ke8,0.74,-0.01,
140,[71],Kd4,,0.73,-0.01,
141,[71],,Kf8,0.73,0.0,
142,[72],Kd5,,0.73,0.0,
143,[72],,Re1,0.73,0.0,
144,[73],Bf5,,0.75,0.02,
145,[73],,Re7,0.72,0.03,
146,[74],Bd7,,0.7,-0.02,
147,[74],,Kg7,0.69,0.01,
148,[75],Kd6,,0.69,0.0,
149,[75],,Re1,0.72,-0.03,
150,[76],Rb3,,0.68,-0.04,
151,[76],,Rf1,0.73,-0.05,
152,[77],Be6,,0.7,-0.03,
153,[77],,Kf6,0.71,-0.01,
154,[78],Rb8,,0.7,-0.01,
155,[78],,Ra1,0.71,-0.01,
156,[79],Rf8+,,0.7,-0.01,
157,[79],,Kg5,0.7,0.0,
158,[80],Rf5+,,0.7,0.0,
159,[80],,Kg6,0.71,-0.01,
160,[81],Rf2,,0.71,0.0,
161,[81],,Ra6+,0.74,-0.03,
162,[82],Ke5,,0.75,0.01,
163,[82],,Ra5+,0.74,0.01,
164,[83],Bd5,,0.73,-0.01,
165,[83],,Kg5,0.74,-0.01,
166,[84],Rg2+,,0.72,-0.02,
167,[84],,Kh5,0.73,-0.01,
168,[85],Ke4,,0.73,0.0,
169,[85],,Kh6,0.73,0.0,
170,[86],Be6,,0.73,0.0,
171,[86],,Rg5,0.75,-0.02,
172,[87],Rb2,,0.73,-0.02,
173,[87],,Kg6,0.72,0.01,
174,[88],Rb6,,0.72,0.0,
175,[88],,Rg1,0.74,-0.02,
176,[89],Bh3+,,0.7,-0.04,
177,[89],,Kf7,0.72,-0.02,
178,[90],Kf5,,0.72,0.0,
179,[90],,Ke7,0.72,0.0,
180,[91],Re6+,,0.7,-0.02,
181,[91],,Kd7,0.69,0.01,
182,[92],Kf6,,0.67,-0.02,
183,[92],,Kc7,0.72,-0.05,
184,[93],Bf5,,0.69,-0.03,
185,[93],,Rd1,0.72,-0.03,
186,[94],Ke5,,0.73,0.01,
187,[94],,Re1+,0.72,0.01,
188,[95],Be4,,0.73,0.01,
189,[95],,Kd7,0.75,-0.02,
190,[96],Rh6,,0.73,-0.02,
191,[96],,Ke7,0.73,0.0,
192,[97],Rh7+,,0.73,0.0,
193,[97],,Ke8,0.73,0.0,
194,[98],Kf5,,0.74,0.01,
195,[98],,Kd8,0.74,0.0,
196,[99],Ke5,,0.73,-0.01,
197,[99],,Ke8,0.74,-0.01,
198,[100],Kf5,,0.75,0.01,
199,[100],,Kd8,0.74,0.01,
200,[101],Ke5,,0.74,0.0,
