Ply,Move,White,Black,Score,Eval,Comment
0,[1],e4,,0.23,0.23,
1,[1],,e5,0.27,-0.04,
2,[2],Nf3,,0.27,0.0,
5,[3],,a6,0.41,-0.14,
6,[4],Bxc6,,0.25,-0.16,
7,[4],,dxc6,0.26,-0.01,
8,[5],O-O,,0.29,0.03,
9,[5],,Be6,0.23,0.06,
10,[6],Nc3,,0.26,0.03,
11,[6],,Qd6,0.27,-0.01,
12,[7],d3,,0.3,0.03,
13,[7],,f6,0.24,0.06,
14,[8],d4,,0.09,-0.15,
15,[8],,exd4,0.24,-0.15,
16,[9],Nxd4,,0.15,-0.09,
17,[9],,Bc4,0.59,-0.44,
18,[10],Re1,,0.39,-0.2,
19,[10],,O-O-O,0.46,-0.07,
20,[11],Be3,,0.66,0.2,
21,[11],,c5,0.29,0.37,
22,[12],Nf5,,0.27,-0.02,
23,[12],,Qxd1,0.18,0.09,
24,[13],Raxd1,,0.2,0.02,
25,[13],,Rxd1,0.22,-0.02,
26,[14],Rxd1,,0.24,0.02,
27,[14],,g6,0.25,-0.01,
28,[15],Ng3,,0.24,-0.01,
29,[15],,Bd6,0.44,-0.2,
30,[16],b3,,0.49,0.05,
31,[16],,Be6,0.81,-0.32,
32,[17],Na4,,0.7,-0.11,
33,[17],,Bxg3,0.88,-0.18,
34,[18],hxg3,,0.82,-0.06,
35,[18],,b6,0.79,0.03,
36,[19],Nxb6+,,0.79,0.0,
37,[19],,cxb6,0.71,0.08,
38,[20],Rd6,,0.89,0.18,
39,[20],,Bd7,0.84,0.05,
40,[21],Rxb6,,0.93,0.09,
41,[21],,Kc7,0.85,0.08,
42,[22],Rxa6,,0.82,-0.03,
43,[22],,Bc6,0.86,-0.04,
44,[23],Bxc5,,0.77,-0.09,
45,[23],,Bxe4,0.78,-0.01,
46,[24],c4,,0.7,-0.08,
47,[24],,Nh6,0.69,0.01,
48,[25],Rxf6,,0.73,0.04,
49,[25],,Ra8,0.71,0.02,
50,[26],f3,,0.81,0.1,
51,[26],,Bb1,0.91,-0.1,
52,[27],Be3,,0.75,-0.16,
53,[27],,Nf5,0.8,-0.05,
54,[28],Bf4+,,0.79,-0.01,
55,[28],,Kb7,0.76,0.03,
56,[29],Rf7+,,0.89,0.13,
57,[29],,Kc6,0.79,0.1,
58,[30],Rc7+,,0.87,0.08,
59,[30],,Kb6,1.02,-0.15,
60,[31],a4,,0.35,-0.67,
61,[31],,Bc2,0.35,0.0,
62,[32],c5+,,0.39,0.04,
63,[32],,Ka6,0.3,0.09,
64,[33],Rc6+,,0.34,0.04,
65,[33],,Ka7,0.58,-0.24,
66,[34],Rc7+,,0.41,-0.17,
67,[34],,Ka6,0.3,0.11,
68,[35],b4,,-0.02,-0.32,
69,[35],,Bxa4,-0.01,-0.01,
70,[36],Rxh7,,-0.03,-0.02,
71,[36],,Bc6,0.0,-0.03,
72,[37],g4,,-0.08,-0.08,
73,[37],,Nd4,0.0,-0.08,
74,[38],Be5,,-0.08,-0.08,
75,[38],,Nxf3+,1.49,-1.57,
76,[39],gxf3,,1.54,0.05,
77,[39],,Bxf3,1.43,0.11,
78,[40],Rf7,,0.68,-0.75,
79,[40],,Bxg4,0.72,-0.04,
81,[41],,Kb5,0.69,0.03,
82,[42],Rxg6,,0.67,-0.02,
83,[42],,Kxb4,0.63,0.04,
84,[43],Rxg4+,,0.65,0.02,
85,[43],,Kxc5,0.65,0.0,
86,[44],Kf2,,0.65,0.0,
87,[44],,Kd5,0.64,0.01,
88,[45],Bf4,,0.66,0.02,
89,[45],,Ke4,0.67,-0.01,
90,[46],Be3+,,0.66,-0.01,
91,[46],,Kf5,0.68,-0.02,
92,[47],Kf3,,0.69,0.01,
93,[47],,Rc8,0.7,-0.01,
94,[48],Rg5+,,0.7,0.0,
95,[48],,Kf6,0.68,0.02,
96,[49],Rb5,,0.67,-0.01,
97,[49],,Rc4,0.69,-0.02,
98,[50],Bf4,,0.68,-0.01,
99,[50],,Ke6,0.67,0.01,
100,[51],Ke3,,0.69,0.02,
101,[51],,Ra4,0.69,0.0,
102,[52],Be5,,0.68,-0.01,
103,[52],,Rc4,0.7,-0.02,
104,[53],Bd4,,0.71,0.01,
105,[53],,Rc1,0.71,0.0,
106,[54],Ke4,,0.71,0.0,
107,[54],,Rc6,0.72,-0.01,
108,[55],Rh5,,0.71,-0.01,
109,[55],,Kd6,0.71,0.0,
110,[56],Rh7,,0.71,0.0,
111,[56],,Ke6,0.71,0.0,
112,[57],Rg7,,0.71,0.0,
113,[57],,Kd6,0.71,0.0,
114,[58],Rg5,,0.72,0.01,
115,[58],,Ke6,0.7,0.02,
116,[59],Bc5,,0.71,0.01,
117,[59],,Kf7,0.72,-0.01,
118,[60],Kd5,,0.7,-0.02,
119,[60],,Rg6,0.71,-0.01,
120,[61],Rh5,,0.7,-0.01,
121,[61],,Rg2,0.7,0.0,
122,[62],Bd4,,0.7,0.0,
123,[62],,Kg6,0.71,-0.01,
124,[63],Rh8,,0.7,-0.01,
125,[63],,Kf5,0.77,-0.07,
126,[64],Rf8+,,0.75,-0.02,
127,[64],,Kg4,0.75,0.0,
128,[65],Ke4,,0.75,0.0,
129,[65],,Re2+,0.77,-0.02,
130,[66],Be3,,0.76,-0.01,
131,[66],,Rg2,0.74,0.02,
132,[67],Bf2,,0.75,0.01,
133,[67],,Kh3,0.75,0.0,
134,[68],Rh8+,,0.75,0.0,
135,[68],,Kg4,0.75,0.0,
136,[69],Be3,,0.76,0.01,
137,[69],,Kg3,0.72,0.04,
138,[70],Rf8,,0.74,0.02,
139,[70],,Kg4,0.74,0.0,
140,[71],Bf2,,0.75,0.01,
141,[71],,Kh3,0.75,0.0,
142,[72],Ke3,,0.75,0.0,
143,[72],,Rg6,0.75,0.0,
144,[73],Kf3,,0.75,0.0,
145,[73],,Rg3+,0.76,-0.01,
146,[74],Ke2,,0.75,-0.01,
147,[74],,Rg6,0.76,-0.01,
148,[75],Rf4,,0.72,-0.04,
149,[75],,Rg4,0.73,-0.01,
150,[76],Rf3+,,0.72,-0.01,
151,[76],,Kg2,0.73,-0.01,
152,[77],Be3,,0.72,-0.01,
153,[77],,Rg6,0.72,0.0,
154,[78],Rf1,,0.74,0.02,
155,[78],,Kh3,0.75,-0.01,
156,[79],Kf3,,0.73,-0.02,
157,[79],,Rg3+,0.74,-0.01,
158,[80],Ke4,,0.74,0.0,
159,[80],,Rg2,0.74,0.0,
160,[81],Bf4,,0.73,-0.01,
161,[81],,Kg4,0.7,0.03,
162,[82],Rh1,,0.66,-0.04,
163,[82],,Re2+,0.67,-0.01,
164,[83],Be3,,0.63,-0.04,
165,[83],,Rg2,0.64,-0.01,
166,[84],Rh7,,0.12,-0.52,
167,[84],,Kg3,0.12,0.0,
168,[85],Rf7,,0.06,-0.06,
169,[85],,Kg4,0.06,0.0,
170,[86],Bf2,,0.06,0.0,
171,[86],,Kh3,0.06,0.0,
172,[87],Ke3,,0.0,-0.06,
173,[87],,Rg6,0.0,0.0,
174,[88],Kf3,,0.0,0.0,
175,[88],,Rg3+,0.0,0.0,
176,[89],Ke2,,0.0,0.0,
177,[89],,Rg6,0.0,0.0,
178,[90],Kf1,,0.0,0.0,
179,[90],,Kg4,0.0,0.0,
180,[91],Kg2,,0.0,0.0,
181,[91],,Re6,0.0,0.0,
